測定局コード,日付,時,SO2(ppm),NO(ppm),NO2(ppm),NOx(ppm),CO(ppm),Ox(ppm),NMHC(ppmC),CH4(ppmC),THC(ppmC),SPM(mg/m3),PM2.5(μg/m3),SP(mg/m3),WD(16Dir),WS(m/s),TEMP(℃),HUM(％)
08208010,2025/09/01,01,,,,,,0.016,,,,0.023,,,ESE,0.8,,
08208010,2025/09/01,02,,,,,,0.013,,,,0.019,,,SSE,1.8,,
08208010,2025/09/01,03,,,,,,0.012,,,,0.019,,,E,0.7,,
08208010,2025/09/01,04,,,,,,0.010,,,,0.020,,,SE,0.6,,
08208010,2025/09/01,05,,,,,,0.008,,,,0.015,,,CALM,0.4,,
08208010,2025/09/01,06,,,,,,0.007,,,,0.015,,,S,0.8,,
08208010,2025/09/01,07,,,,,,0.010,,,,0.016,,,S,1.9,,
08208010,2025/09/01,08,,,,,,0.022,,,,0.016,,,SW,2.7,,
08208010,2025/09/01,09,,,,,,0.042,,,,0.022,,,SSW,3.5,,
08208010,2025/09/01,10,,,,,,0.055,,,,0.021,,,SW,4.0,,
08208010,2025/09/01,11,,,,,,0.056,,,,0.024,,,SSW,4.5,,
08208010,2025/09/01,12,,,,,,0.067,,,,0.022,,,SW,3.8,,
08208010,2025/09/01,13,,,,,,0.063,,,,0.023,,,SSW,4.3,,
08208010,2025/09/01,14,,,,,,0.055,,,,0.020,,,SSW,3.3,,
08208010,2025/09/01,15,,,,,,0.053,,,,0.018,,,SSW,4.0,,
08208010,2025/09/01,16,,,,,,0.044,,,,0.016,,,SW,5.1,,
08208010,2025/09/01,17,,,,,,0.033,,,,0.014,,,SW,5.0,,
08208010,2025/09/01,18,,,,,,0.025,,,,0.013,,,SW,5.3,,
08208010,2025/09/01,19,,,,,,0.021,,,,0.013,,,SSW,2.5,,
08208010,2025/09/01,20,,,,,,0.016,,,,0.011,,,SW,3.2,,
08208010,2025/09/01,21,,,,,,0.013,,,,0.009,,,SSW,1.7,,
08208010,2025/09/01,22,,,,,,0.011,,,,0.006,,,SSW,3.1,,
08208010,2025/09/01,23,,,,,,0.010,,,,0.006,,,SSW,3.8,,
08208010,2025/09/01,24,,,,,,0.010,,,,0.007,,,SSW,2.8,,
08208010,2025/09/02,01,,,,,,0.008,,,,0.006,,,SW,4.0,,
08208010,2025/09/02,02,,,,,,0.007,,,,0.008,,,SW,3.8,,
08208010,2025/09/02,03,,,,,,0.005,,,,0.009,,,SW,4.0,,
08208010,2025/09/02,04,,,,,,0.009,,,,0.008,,,SW,2.6,,
08208010,2025/09/02,05,,,,,,0.008,,,,0.006,,,SW,2.2,,
08208010,2025/09/02,06,,,,,,0.008,,,,0.007,,,SW,3.0,,
08208010,2025/09/02,07,,,,,,0.008,,,,0.010,,,SW,3.4,,
08208010,2025/09/02,08,,,,,,0.010,,,,0.008,,,SW,4.9,,
08208010,2025/09/02,09,,,,,,0.012,,,,0.008,,,SW,4.8,,
08208010,2025/09/02,10,,,,,,0.019,,,,0.008,,,SW,4.6,,
08208010,2025/09/02,11,,,,,,0.027,,,,0.008,,,SW,4.5,,
08208010,2025/09/02,12,,,,,,0.035,,,,0.008,,,SSW,4.8,,
08208010,2025/09/02,13,,,,,,0.035,,,,0.011,,,SW,5.1,,
08208010,2025/09/02,14,,,,,,0.031,,,,0.010,,,SW,6.2,,
08208010,2025/09/02,15,,,,,,0.025,,,,0.009,,,SW,6.3,,
08208010,2025/09/02,16,,,,,,0.023,,,,0.013,,,SW,4.7,,
08208010,2025/09/02,17,,,,,,0.019,,,,0.012,,,SSW,4.2,,
08208010,2025/09/02,18,,,,,,0.014,,,,0.012,,,SSW,4.0,,
08208010,2025/09/02,19,,,,,,0.012,,,,0.010,,,SSW,3.2,,
08208010,2025/09/02,20,,,,,,0.008,,,,0.010,,,SSW,2.9,,
08208010,2025/09/02,21,,,,,,0.006,,,,0.010,,,SSW,2.6,,
08208010,2025/09/02,22,,,,,,0.004,,,,0.009,,,SW,2.0,,
08208010,2025/09/02,23,,,,,,0.007,,,,0.009,,,N,0.5,,
08208010,2025/09/02,24,,,,,,0.016,,,,0.008,,,NE,0.7,,
08208010,2025/09/03,01,,,,,,0.026,,,,0.011,,,W,0.8,,
08208010,2025/09/03,02,,,,,,0.026,,,,0.012,,,W,2.1,,
08208010,2025/09/03,03,,,,,,0.025,,,,0.010,,,W,1.8,,
08208010,2025/09/03,04,,,,,,0.025,,,,0.010,,,W,1.5,,
08208010,2025/09/03,05,,,,,,0.021,,,,0.009,,,W,0.6,,
08208010,2025/09/03,06,,,,,,0.019,,,,0.009,,,W,1.2,,
08208010,2025/09/03,07,,,,,,0.016,,,,0.014,,,W,0.6,,
08208010,2025/09/03,08,,,,,,0.028,,,,0.011,,,NE,1.2,,
08208010,2025/09/03,09,,,,,,0.034,,,,0.010,,,ENE,1.6,,
08208010,2025/09/03,10,,,,,,-,,,,0.012,,,ENE,1.4,,
08208010,2025/09/03,11,,,,,,0.041,,,,0.011,,,ENE,3.0,,
08208010,2025/09/03,12,,,,,,0.055,,,,0.017,,,S,1.5,,
08208010,2025/09/03,13,,,,,,0.063,,,,0.022,,,SSE,2.4,,
08208010,2025/09/03,14,,,,,,0.060,,,,0.021,,,SSE,3.3,,
08208010,2025/09/03,15,,,,,,0.059,,,,0.019,,,SSW,3.4,,
08208010,2025/09/03,16,,,,,,0.037,,,,0.015,,,SW,2.7,,
08208010,2025/09/03,17,,,,,,0.028,,,,0.012,,,SSW,2.6,,
08208010,2025/09/03,18,,,,,,0.020,,,,0.011,,,SW,3.4,,
08208010,2025/09/03,19,,,,,,0.015,,,,0.012,,,SW,2.0,,
08208010,2025/09/03,20,,,,,,0.013,,,,0.010,,,SW,0.7,,
08208010,2025/09/03,21,,,,,,0.011,,,,0.011,,,NE,1.6,,
08208010,2025/09/03,22,,,,,,0.019,,,,0.012,,,ENE,1.9,,
08208010,2025/09/03,23,,,,,,0.031,,,,0.014,,,ENE,2.1,,
08208010,2025/09/03,24,,,,,,0.026,,,,0.012,,,E,1.6,,
08208010,2025/09/04,01,,,,,,0.019,,,,0.013,,,NE,1.7,,
08208010,2025/09/04,02,,,,,,0.021,,,,0.013,,,NE,2.2,,
08208010,2025/09/04,03,,,,,,0.024,,,,0.017,,,NE,1.6,,
08208010,2025/09/04,04,,,,,,0.022,,,,0.015,,,NE,1.6,,
08208010,2025/09/04,05,,,,,,0.023,,,,0.014,,,NE,4.7,,
08208010,2025/09/04,06,,,,,,0.028,,,,0.010,,,NE,2.7,,
08208010,2025/09/04,07,,,,,,0.027,,,,0.012,,,NE,4.4,,
08208010,2025/09/04,08,,,,,,0.029,,,,0.011,,,NE,4.6,,
08208010,2025/09/04,09,,,,,,0.030,,,,0.013,,,NE,4.9,,
08208010,2025/09/04,10,,,,,,0.032,,,,0.012,,,NE,5.4,,
08208010,2025/09/04,11,,,,,,0.032,,,,0.014,,,NE,4.3,,
08208010,2025/09/04,12,,,,,,0.035,,,,0.014,,,NE,4.1,,
08208010,2025/09/04,13,,,,,,0.032,,,,0.016,,,W,2.4,,
08208010,2025/09/04,14,,,,,,0.033,,,,0.012,,,NNW,0.9,,
08208010,2025/09/04,15,,,,,,0.027,,,,0.013,,,NE,1.3,,
08208010,2025/09/04,16,,,,,,0.028,,,,0.007,,,NE,2.0,,
08208010,2025/09/04,17,,,,,,0.025,,,,0.006,,,NNE,0.6,,
08208010,2025/09/04,18,,,,,,0.019,,,,0.008,,,ENE,1.7,,
08208010,2025/09/04,19,,,,,,0.016,,,,0.009,,,E,1.3,,
08208010,2025/09/04,20,,,,,,0.017,,,,0.010,,,NE,0.9,,
08208010,2025/09/04,21,,,,,,0.015,,,,0.010,,,ENE,0.5,,
08208010,2025/09/04,22,,,,,,0.016,,,,0.012,,,SE,0.7,,
08208010,2025/09/04,23,,,,,,0.014,,,,0.010,,,S,0.8,,
08208010,2025/09/04,24,,,,,,0.013,,,,0.012,,,ENE,0.7,,
08208010,2025/09/05,01,,,,,,-,,,,0.014,,,E,1.3,,
08208010,2025/09/05,02,,,,,,0.007,,,,0.012,,,ESE,0.8,,
08208010,2025/09/05,03,,,,,,0.004,,,,0.014,,,SSW,0.6,,
08208010,2025/09/05,04,,,,,,0.001,,,,0.011,,,CALM,0.2,,
08208010,2025/09/05,05,,,,,,0.001,,,,0.012,,,CALM,0.2,,
08208010,2025/09/05,06,,,,,,0.001,,,,0.008,,,SW,2.4,,
08208010,2025/09/05,07,,,,,,0.005,,,,0.006,,,CALM,0.3,,
08208010,2025/09/05,08,,,,,,0.004,,,,0.007,,,ENE,0.8,,
08208010,2025/09/05,09,,,,,,0.004,,,,0.004,,,E,1.2,,
08208010,2025/09/05,10,,,,,,0.003,,,,0.005,,,E,2.3,,
08208010,2025/09/05,11,,,,,,0.003,,,,0.005,,,E,2.6,,
08208010,2025/09/05,12,,,,,,0.004,,,,0.005,,,SE,2.4,,
08208010,2025/09/05,13,,,,,,0.007,,,,0.006,,,S,2.0,,
08208010,2025/09/05,14,,,,,,0.006,,,,0.005,,,SSW,2.0,,
08208010,2025/09/05,15,,,,,,0.006,,,,0.003,,,SSE,2.7,,
08208010,2025/09/05,16,,,,,,0.007,,,,0,,,W,0.9,,
08208010,2025/09/05,17,,,,,,0.006,,,,0.005,,,NNE,3.8,,
08208010,2025/09/05,18,,,,,,0.011,,,,0,,,NNE,3.1,,
08208010,2025/09/05,19,,,,,,0.011,,,,0.003,,,NNW,1.3,,
08208010,2025/09/05,20,,,,,,0.009,,,,0.004,,,W,1.3,,
08208010,2025/09/05,21,,,,,,0.006,,,,0.005,,,W,1.3,,
08208010,2025/09/05,22,,,,,,0.004,,,,0.007,,,CALM,0.4,,
08208010,2025/09/05,23,,,,,,0.005,,,,0.006,,,W,0.5,,
08208010,2025/09/05,24,,,,,,0.004,,,,0.008,,,ENE,2.8,,
08208010,2025/09/06,01,,,,,,0.004,,,,0.006,,,NE,2.7,,
08208010,2025/09/06,02,,,,,,0.013,,,,0.005,,,NE,2.9,,
08208010,2025/09/06,03,,,,,,0.015,,,,0.005,,,ENE,2.0,,
08208010,2025/09/06,04,,,,,,0.013,,,,0.008,,,ENE,0.9,,
08208010,2025/09/06,05,,,,,,0.011,,,,0.006,,,CALM,0.3,,
08208010,2025/09/06,06,,,,,,0.008,,,,0.003,,,CALM,0.2,,
08208010,2025/09/06,07,,,,,,0.007,,,,0.007,,,CALM,0.3,,
08208010,2025/09/06,08,,,,,,0.018,,,,0.008,,,E,2.4,,
08208010,2025/09/06,09,,,,,,0.029,,,,0.009,,,E,2.5,,
08208010,2025/09/06,10,,,,,,0.034,,,,0.009,,,E,1.7,,
08208010,2025/09/06,11,,,,,,0.038,,,,0.008,,,E,2.9,,
08208010,2025/09/06,12,,,,,,0.040,,,,0.012,,,E,2.0,,
08208010,2025/09/06,13,,,,,,0.041,,,,0.012,,,SE,1.6,,
08208010,2025/09/06,14,,,,,,0.042,,,,0.010,,,ESE,2.6,,
08208010,2025/09/06,15,,,,,,0.045,,,,0.010,,,E,3.0,,
08208010,2025/09/06,16,,,,,,0.050,,,,0.012,,,ESE,3.8,,
08208010,2025/09/06,17,,,,,,0.053,,,,0.012,,,ESE,3.3,,
08208010,2025/09/06,18,,,,,,0.038,,,,0.010,,,S,2.5,,
08208010,2025/09/06,19,,,,,,0.031,,,,0.012,,,SSE,2.4,,
08208010,2025/09/06,20,,,,,,0.029,,,,0.010,,,E,1.7,,
08208010,2025/09/06,21,,,,,,0.023,,,,0.010,,,E,1.2,,
08208010,2025/09/06,22,,,,,,0.017,,,,0.012,,,E,0.9,,
08208010,2025/09/06,23,,,,,,0.017,,,,0.013,,,E,1.4,,
08208010,2025/09/06,24,,,,,,0.014,,,,0.011,,,E,1.3,,
08208010,2025/09/07,01,,,,,,0.011,,,,0.013,,,E,1.5,,
08208010,2025/09/07,02,,,,,,0.008,,,,0.012,,,ENE,1.3,,
08208010,2025/09/07,03,,,,,,0.005,,,,0.012,,,ENE,1.6,,
08208010,2025/09/07,04,,,,,,0.007,,,,0.015,,,CALM,0.2,,
08208010,2025/09/07,05,,,,,,0.012,,,,0.035,,,S,0.8,,
08208010,2025/09/07,06,,,,,,0.017,,,,0.026,,,SSW,0.9,,
08208010,2025/09/07,07,,,,,,0.018,,,,0.014,,,SSW,1.3,,
08208010,2025/09/07,08,,,,,,0.025,,,,0.015,,,SSW,2.1,,
08208010,2025/09/07,09,,,,,,0.033,,,,0.012,,,SW,3.7,,
08208010,2025/09/07,10,,,,,,0.040,,,,0.013,,,SW,4.4,,
08208010,2025/09/07,11,,,,,,0.045,,,,0.012,,,SW,4.7,,
08208010,2025/09/07,12,,,,,,0.046,,,,0.011,,,SSW,5.5,,
08208010,2025/09/07,13,,,,,,0.046,,,,0.012,,,SW,5.1,,
08208010,2025/09/07,14,,,,,,0.046,,,,0.012,,,SW,5.1,,
08208010,2025/09/07,15,,,,,,0.047,,,,0.013,,,SW,4.4,,
08208010,2025/09/07,16,,,,,,0.045,,,,0.015,,,SW,4.4,,
08208010,2025/09/07,17,,,,,,0.041,,,,0.013,,,SW,5.1,,
08208010,2025/09/07,18,,,,,,0.036,,,,0.014,,,WSW,3.3,,
08208010,2025/09/07,19,,,,,,0.029,,,,0.013,,,SSW,1.6,,
08208010,2025/09/07,20,,,,,,0.025,,,,0.019,,,SSE,1.1,,
08208010,2025/09/07,21,,,,,,0.021,,,,0.019,,,SSW,1.2,,
08208010,2025/09/07,22,,,,,,0.018,,,,0.016,,,SSE,1.0,,
08208010,2025/09/07,23,,,,,,0.017,,,,0.017,,,SSE,1.6,,
08208010,2025/09/07,24,,,,,,0.018,,,,0.013,,,SSE,1.5,,
08208010,2025/09/08,01,,,,,,0.016,,,,0.013,,,S,0.8,,
08208010,2025/09/08,02,,,,,,0.014,,,,0.014,,,SSE,0.8,,
08208010,2025/09/08,03,,,,,,0.012,,,,0.014,,,E,0.5,,
08208010,2025/09/08,04,,,,,,0.010,,,,0.018,,,SE,0.7,,
08208010,2025/09/08,05,,,,,,0.007,,,,0.018,,,ENE,1.0,,
08208010,2025/09/08,06,,,,,,0.007,,,,0.018,,,ENE,1.0,,
08208010,2025/09/08,07,,,,,,0.010,,,,0.019,,,SE,0.8,,
08208010,2025/09/08,08,,,,,,0.021,,,,0.019,,,SSE,1.1,,
08208010,2025/09/08,09,,,,,,0.033,,,,0.016,,,NE,1.7,,
08208010,2025/09/08,10,,,,,,0.040,,,,0.019,,,SSE,1.4,,
08208010,2025/09/08,11,,,,,,0.048,,,,0.018,,,SE,1.7,,
08208010,2025/09/08,12,,,,,,0.055,,,,0.019,,,ESE,1.8,,
08208010,2025/09/08,13,,,,,,0.059,,,,0.022,,,ENE,2.9,,
08208010,2025/09/08,14,,,,,,0.068,,,,0.026,,,ENE,4.1,,
08208010,2025/09/08,15,,,,,,0.069,,,,0.027,,,ENE,4.5,,
08208010,2025/09/08,16,,,,,,0.072,,,,0.028,,,ENE,3.9,,
08208010,2025/09/08,17,,,,,,0.061,,,,0.024,,,ENE,3.2,,
08208010,2025/09/08,18,,,,,,0.046,,,,0.026,,,NE,3.1,,
08208010,2025/09/08,19,,,,,,0.040,,,,0.026,,,NE,3.3,,
08208010,2025/09/08,20,,,,,,0.041,,,,0.025,,,NE,2.6,,
08208010,2025/09/08,21,,,,,,0.038,,,,0.026,,,NE,2.1,,
08208010,2025/09/08,22,,,,,,0.037,,,,0.024,,,NNE,1.9,,
08208010,2025/09/08,23,,,,,,0.038,,,,0.024,,,NNE,1.5,,
08208010,2025/09/08,24,,,,,,0.038,,,,0.023,,,NNE,2.1,,
08208010,2025/09/09,01,,,,,,0.037,,,,0.024,,,NE,0.9,,
08208010,2025/09/09,02,,,,,,0.032,,,,0.025,,,NE,0.9,,
08208010,2025/09/09,03,,,,,,0.029,,,,0.025,,,NNE,1.2,,
08208010,2025/09/09,04,,,,,,0.028,,,,0.026,,,NNE,0.5,,
08208010,2025/09/09,05,,,,,,0.028,,,,0.025,,,NE,1.0,,
08208010,2025/09/09,06,,,,,,0.026,,,,0.024,,,NNW,0.9,,
08208010,2025/09/09,07,,,,,,0.021,,,,0.023,,,NE,2.1,,
08208010,2025/09/09,08,,,,,,0.027,,,,0.027,,,ENE,1.3,,
08208010,2025/09/09,09,,,,,,0.032,,,,0.024,,,SW,1.1,,
08208010,2025/09/09,10,,,,,,0.038,,,,0.022,,,SSE,1.2,,
08208010,2025/09/09,11,,,,,,0.045,,,,0.019,,,SSW,1.5,,
08208010,2025/09/09,12,,,,,,0.049,,,,0.023,,,WSW,1.3,,
08208010,2025/09/09,13,,,,,,0.054,,,,0.024,,,S,1.8,,
08208010,2025/09/09,14,,,,,,0.064,,,,0.027,,,SSW,1.9,,
08208010,2025/09/09,15,,,,,,0.069,,,,0.031,,,E,4.3,,
08208010,2025/09/09,16,,,,,,0.060,,,,0.035,,,ESE,2.7,,
08208010,2025/09/09,17,,,,,,0.052,,,,0.028,,,E,2.7,,
08208010,2025/09/09,18,,,,,,0.050,,,,0.029,,,ESE,2.0,,
08208010,2025/09/09,19,,,,,,0.043,,,,0.036,,,ENE,2.1,,
08208010,2025/09/09,20,,,,,,0.041,,,,0.028,,,NE,3.4,,
08208010,2025/09/09,21,,,,,,0.040,,,,0.024,,,ENE,3.5,,
08208010,2025/09/09,22,,,,,,0.036,,,,0.025,,,ENE,2.3,,
08208010,2025/09/09,23,,,,,,0.032,,,,0.022,,,NE,2.5,,
08208010,2025/09/09,24,,,,,,0.029,,,,0.017,,,E,2.3,,
08208010,2025/09/10,01,,,,,,0.025,,,,0.016,,,ENE,1.5,,
08208010,2025/09/10,02,,,,,,0.022,,,,0.014,,,ENE,1.4,,
08208010,2025/09/10,03,,,,,,0.018,,,,0.018,,,E,1.6,,
08208010,2025/09/10,04,,,,,,0.016,,,,0.017,,,ESE,1.0,,
08208010,2025/09/10,05,,,,,,0.014,,,,0.021,,,ENE,1.1,,
08208010,2025/09/10,06,,,,,,0.013,,,,0.021,,,ENE,1.2,,
08208010,2025/09/10,07,,,,,,0.013,,,,0.023,,,E,1.5,,
08208010,2025/09/10,08,,,,,,0.032,,,,0.022,,,SSW,0.8,,
08208010,2025/09/10,09,,,,,,0.041,,,,0.022,,,ENE,2.4,,
08208010,2025/09/10,10,,,,,,0.037,,,,0.024,,,NE,4.4,,
08208010,2025/09/10,11,,,,,,0.037,,,,0.025,,,NE,5.6,,
08208010,2025/09/10,12,,,,,,0.038,,,,0.018,,,ENE,5.3,,
08208010,2025/09/10,13,,,,,,0.038,,,,0.015,,,ENE,6.2,,
08208010,2025/09/10,14,,,,,,0.034,,,,0.015,,,ENE,5.1,,
08208010,2025/09/10,15,,,,,,0.040,,,,0.019,,,ENE,4.4,,
08208010,2025/09/10,16,,,,,,-,,,,0.020,,,ENE,3.9,,
08208010,2025/09/10,17,,,,,,0.036,,,,0.019,,,ENE,4.0,,
08208010,2025/09/10,18,,,,,,0.034,,,,0.019,,,ENE,3.6,,
08208010,2025/09/10,19,,,,,,0.031,,,,0.019,,,ENE,3.8,,
08208010,2025/09/10,20,,,,,,0.027,,,,0.018,,,NE,2.3,,
08208010,2025/09/10,21,,,,,,0.024,,,,0.016,,,E,1.5,,
08208010,2025/09/10,22,,,,,,0.018,,,,0.019,,,ESE,2.1,,
08208010,2025/09/10,23,,,,,,0.010,,,,0.019,,,NE,1.5,,
08208010,2025/09/10,24,,,,,,0.005,,,,0.016,,,SE,0.6,,
08208010,2025/09/11,01,,,,,,0.005,,,,0.017,,,SSW,1.3,,
08208010,2025/09/11,02,,,,,,0.005,,,,0.018,,,SSW,1.3,,
08208010,2025/09/11,03,,,,,,0.008,,,,0.017,,,SW,3.5,,
08208010,2025/09/11,04,,,,,,0.012,,,,0.016,,,SW,3.4,,
08208010,2025/09/11,05,,,,,,0.013,,,,0.014,,,SW,3.0,,
08208010,2025/09/11,06,,,,,,0.015,,,,0.011,,,SW,2.6,,
08208010,2025/09/11,07,,,,,,0.017,,,,0.012,,,SW,2.9,,
08208010,2025/09/11,08,,,,,,0.013,,,,0.012,,,SW,2.3,,
08208010,2025/09/11,09,,,,,,0.012,,,,0.009,,,WSW,2.1,,
08208010,2025/09/11,10,,,,,,0.016,,,,0.011,,,NE,1.7,,
08208010,2025/09/11,11,,,,,,0.029,,,,0.014,,,ENE,5.0,,
08208010,2025/09/11,12,,,,,,0.035,,,,0.015,,,NE,5.4,,
08208010,2025/09/11,13,,,,,,0.039,,,,0.012,,,ENE,5.7,,
08208010,2025/09/11,14,,,,,,0.040,,,,0.011,,,ENE,6.7,,
08208010,2025/09/11,15,,,,,,0.039,,,,0.012,,,ENE,5.2,,
08208010,2025/09/11,16,,,,,,0.037,,,,0.012,,,E,3.6,,
08208010,2025/09/11,17,,,,,,0.033,,,,0.010,,,ENE,2.8,,
08208010,2025/09/11,18,,,,,,0.030,,,,0.011,,,ENE,3.3,,
08208010,2025/09/11,19,,,,,,0.029,,,,0.008,,,ENE,2.0,,
08208010,2025/09/11,20,,,,,,0.026,,,,0.010,,,ENE,2.8,,
08208010,2025/09/11,21,,,,,,0.031,,,,0.009,,,ENE,2.8,,
08208010,2025/09/11,22,,,,,,0.032,,,,0.008,,,ENE,3.3,,
08208010,2025/09/11,23,,,,,,0.034,,,,0.008,,,ENE,1.8,,
08208010,2025/09/11,24,,,,,,0.034,,,,0.010,,,NE,1.6,,
08208010,2025/09/12,01,,,,,,-,,,,0.007,,,N,0.7,,
08208010,2025/09/12,02,,,,,,0.031,,,,0.008,,,ENE,3.9,,
08208010,2025/09/12,03,,,,,,0.034,,,,0.009,,,NE,1.8,,
08208010,2025/09/12,04,,,,,,0.031,,,,0.009,,,ENE,2.3,,
08208010,2025/09/12,05,,,,,,0.027,,,,0.008,,,NNE,0.8,,
08208010,2025/09/12,06,,,,,,0.024,,,,0.009,,,NE,2.7,,
08208010,2025/09/12,07,,,,,,0.026,,,,0.011,,,NE,3.1,,
08208010,2025/09/12,08,,,,,,0.031,,,,0.009,,,ENE,3.5,,
08208010,2025/09/12,09,,,,,,0.035,,,,0.007,,,NE,4.1,,
08208010,2025/09/12,10,,,,,,0.036,,,,0.009,,,ENE,3.1,,
08208010,2025/09/12,11,,,,,,0.038,,,,0.007,,,ENE,4.4,,
08208010,2025/09/12,12,,,,,,0.037,,,,0.008,,,E,4.4,,
08208010,2025/09/12,13,,,,,,0.037,,,,0.011,,,ENE,4.2,,
08208010,2025/09/12,14,,,,,,0.036,,,,0.013,,,ENE,4.4,,
08208010,2025/09/12,15,,,,,,0.036,,,,0.011,,,ENE,4.0,,
08208010,2025/09/12,16,,,,,,0.036,,,,0.012,,,E,2.6,,
08208010,2025/09/12,17,,,,,,0.032,,,,0.015,,,E,2.4,,
08208010,2025/09/12,18,,,,,,0.030,,,,0.011,,,E,1.6,,
08208010,2025/09/12,19,,,,,,0.027,,,,0.014,,,NE,1.8,,
08208010,2025/09/12,20,,,,,,0.024,,,,0.016,,,NE,2.6,,
08208010,2025/09/12,21,,,,,,0.024,,,,0.016,,,NE,2.1,,
08208010,2025/09/12,22,,,,,,0.025,,,,0.015,,,NE,2.3,,
08208010,2025/09/12,23,,,,,,0.022,,,,0.012,,,NE,1.8,,
08208010,2025/09/12,24,,,,,,0.021,,,,0.014,,,NNE,1.8,,
08208010,2025/09/13,01,,,,,,0.020,,,,0.012,,,NE,3.3,,
08208010,2025/09/13,02,,,,,,0.021,,,,0.011,,,NE,2.1,,
08208010,2025/09/13,03,,,,,,0.025,,,,0.012,,,NE,2.1,,
08208010,2025/09/13,04,,,,,,0.025,,,,0.014,,,NE,2.1,,
08208010,2025/09/13,05,,,,,,0.025,,,,0.011,,,ENE,3.2,,
08208010,2025/09/13,06,,,,,,0.028,,,,0.012,,,ENE,2.3,,
08208010,2025/09/13,07,,,,,,0.027,,,,0.013,,,ENE,2.4,,
08208010,2025/09/13,08,,,,,,0.028,,,,0.012,,,ENE,2.0,,
08208010,2025/09/13,09,,,,,,0.028,,,,0.012,,,ESE,1.7,,
08208010,2025/09/13,10,,,,,,0.031,,,,0.008,,,S,1.4,,
08208010,2025/09/13,11,,,,,,0.031,,,,0.010,,,S,2.7,,
08208010,2025/09/13,12,,,,,,0.032,,,,0.010,,,SSW,2.2,,
08208010,2025/09/13,13,,,,,,0.035,,,,0.007,,,SSW,5.1,,
08208010,2025/09/13,14,,,,,,0.024,,,,0.005,,,SW,6.1,,
08208010,2025/09/13,15,,,,,,0.022,,,,0.002,,,SW,4.4,,
08208010,2025/09/13,16,,,,,,0.022,,,,0.011,,,SW,5.4,,
08208010,2025/09/13,17,,,,,,0.017,,,,0.005,,,SW,5.2,,
08208010,2025/09/13,18,,,,,,0.012,,,,0.016,,,SW,4.8,,
08208010,2025/09/13,19,,,,,,0.010,,,,0.012,,,SW,4.8,,
08208010,2025/09/13,20,,,,,,0.010,,,,0.007,,,SW,5.6,,
08208010,2025/09/13,21,,,,,,0.011,,,,0.013,,,SW,6.4,,
08208010,2025/09/13,22,,,,,,0.009,,,,0.013,,,SW,6.2,,
08208010,2025/09/13,23,,,,,,0.011,,,,0.010,,,SW,6.1,,
08208010,2025/09/13,24,,,,,,0.013,,,,0.013,,,SW,6.1,,
08208010,2025/09/14,01,,,,,,0.010,,,,0.013,,,SW,5.0,,
08208010,2025/09/14,02,,,,,,0.012,,,,0.014,,,SW,4.8,,
08208010,2025/09/14,03,,,,,,0.013,,,,0.019,,,SW,6.1,,
08208010,2025/09/14,04,,,,,,0.012,,,,0.015,,,SW,4.8,,
08208010,2025/09/14,05,,,,,,0.012,,,,0.010,,,SW,2.9,,
08208010,2025/09/14,06,,,,,,0.011,,,,0.011,,,SW,2.9,,
08208010,2025/09/14,07,,,,,,0.012,,,,0.015,,,WSW,3.5,,
08208010,2025/09/14,08,,,,,,0.013,,,,0.012,,,W,1.5,,
08208010,2025/09/14,09,,,,,,0.018,,,,0.005,,,WNW,1.1,,
08208010,2025/09/14,10,,,,,,0.021,,,,0.010,,,W,1.7,,
08208010,2025/09/14,11,,,,,,0.027,,,,0.011,,,W,1.8,,
08208010,2025/09/14,12,,,,,,0.035,,,,0.008,,,WSW,3.0,,
08208010,2025/09/14,13,,,,,,0.039,,,,0.011,,,SW,3.5,,
08208010,2025/09/14,14,,,,,,0.039,,,,0.010,,,SSW,2.2,,
08208010,2025/09/14,15,,,,,,0.040,,,,0.017,,,SSW,1.9,,
08208010,2025/09/14,16,,,,,,0.036,,,,0.015,,,SW,1.7,,
08208010,2025/09/14,17,,,,,,0.038,,,,0.020,,,WSW,1.7,,
08208010,2025/09/14,18,,,,,,0.034,,,,0.022,,,ENE,1.9,,
08208010,2025/09/14,19,,,,,,0.032,,,,0.029,,,E,1.9,,
08208010,2025/09/14,20,,,,,,0.031,,,,0.015,,,ENE,2.0,,
08208010,2025/09/14,21,,,,,,0.031,,,,0.014,,,ENE,3.9,,
08208010,2025/09/14,22,,,,,,0.031,,,,0.010,,,ENE,3.3,,
08208010,2025/09/14,23,,,,,,0.029,,,,0.013,,,ENE,2.6,,
08208010,2025/09/14,24,,,,,,0.029,,,,0.009,,,ENE,3.0,,
08208010,2025/09/15,01,,,,,,0.032,,,,0.006,,,NE,2.8,,
08208010,2025/09/15,02,,,,,,0.035,,,,0.009,,,NE,2.6,,
08208010,2025/09/15,03,,,,,,0.035,,,,0.008,,,NE,2.7,,
08208010,2025/09/15,04,,,,,,0.033,,,,0.010,,,NE,3.5,,
08208010,2025/09/15,05,,,,,,0.030,,,,0.007,,,NE,1.5,,
08208010,2025/09/15,06,,,,,,0.030,,,,0.009,,,NE,2.3,,
08208010,2025/09/15,07,,,,,,0.032,,,,0.002,,,ENE,2.5,,
08208010,2025/09/15,08,,,,,,0.035,,,,0.004,,,ENE,3.7,,
08208010,2025/09/15,09,,,,,,0.038,,,,0.008,,,NE,3.2,,
08208010,2025/09/15,10,,,,,,0.040,,,,0.005,,,ENE,3.9,,
08208010,2025/09/15,11,,,,,,0.041,,,,0.008,,,ENE,3.7,,
08208010,2025/09/15,12,,,,,,0.042,,,,0.009,,,ENE,3.1,,
08208010,2025/09/15,13,,,,,,0.042,,,,0.009,,,ENE,2.7,,
08208010,2025/09/15,14,,,,,,0.041,,,,0.011,,,ENE,3.4,,
08208010,2025/09/15,15,,,,,,0.043,,,,0.013,,,E,2.9,,
08208010,2025/09/15,16,,,,,,0.045,,,,0.017,,,E,2.9,,
08208010,2025/09/15,17,,,,,,0.039,,,,0.023,,,E,1.9,,
08208010,2025/09/15,18,,,,,,0.030,,,,0.034,,,ENE,2.0,,
08208010,2025/09/15,19,,,,,,0.026,,,,0.032,,,E,1.8,,
08208010,2025/09/15,20,,,,,,0.025,,,,0.021,,,ESE,1.6,,
08208010,2025/09/15,21,,,,,,0.025,,,,0.020,,,E,1.7,,
08208010,2025/09/15,22,,,,,,0.025,,,,0.020,,,E,1.2,,
08208010,2025/09/15,23,,,,,,0.025,,,,0.020,,,NE,0.9,,
08208010,2025/09/15,24,,,,,,0.016,,,,0.020,,,NE,0.8,,
08208010,2025/09/16,01,,,,,,0.016,,,,0.020,,,E,0.5,,
08208010,2025/09/16,02,,,,,,0.015,,,,0.024,,,E,1.1,,
08208010,2025/09/16,03,,,,,,0.013,,,,0.020,,,E,1.3,,
08208010,2025/09/16,04,,,,,,0.012,,,,0.021,,,ENE,1.5,,
08208010,2025/09/16,05,,,,,,0.010,,,,0.019,,,E,1.0,,
08208010,2025/09/16,06,,,,,,0.012,,,,0.017,,,E,1.2,,
08208010,2025/09/16,07,,,,,,0.013,,,,0.014,,,ENE,1.6,,
08208010,2025/09/16,08,,,,,,0.021,,,,0.013,,,E,1.0,,
08208010,2025/09/16,09,,,,,,0.030,,,,0.010,,,S,1.7,,
08208010,2025/09/16,10,,,,,,0.038,,,,0.011,,,S,1.1,,
08208010,2025/09/16,11,,,,,,0.042,,,,0.012,,,SSW,1.6,,
08208010,2025/09/16,12,,,,,,0.043,,,,0.015,,,SSW,2.8,,
08208010,2025/09/16,13,,,,,,0.046,,,,0.011,,,S,2.2,,
08208010,2025/09/16,14,,,,,,0.044,,,,0.015,,,S,3.4,,
08208010,2025/09/16,15,,,,,,0.039,,,,0.012,,,SSE,3.3,,
08208010,2025/09/16,16,,,,,,0.035,,,,0.008,,,S,3.8,,
08208010,2025/09/16,17,,,,,,0.031,,,,0.014,,,S,3.1,,
08208010,2025/09/16,18,,,,,,0.027,,,,0.019,,,S,2.3,,
08208010,2025/09/16,19,,,,,,0.024,,,,0.014,,,S,1.6,,
08208010,2025/09/16,20,,,,,,0.021,,,,0.015,,,S,1.7,,
08208010,2025/09/16,21,,,,,,0.022,,,,0.019,,,SSW,1.3,,
08208010,2025/09/16,22,,,,,,0.021,,,,0.024,,,SSW,1.6,,
08208010,2025/09/16,23,,,,,,0.020,,,,0.015,,,SSW,1.4,,
08208010,2025/09/16,24,,,,,,0.018,,,,0.015,,,S,1.0,,
08208010,2025/09/17,01,,,,,,0.017,,,,0.013,,,SSE,1.0,,
08208010,2025/09/17,02,,,,,,0.015,,,,0.015,,,SE,0.7,,
08208010,2025/09/17,03,,,,,,0.012,,,,0.014,,,ESE,0.7,,
08208010,2025/09/17,04,,,,,,0.012,,,,0.015,,,SSE,1.2,,
08208010,2025/09/17,05,,,,,,0.012,,,,0.015,,,SSW,1.2,,
08208010,2025/09/17,06,,,,,,0.011,,,,0.017,,,CALM,0.4,,
08208010,2025/09/17,07,,,,,,0.013,,,,0.014,,,SSW,1.5,,
08208010,2025/09/17,08,,,,,,0.020,,,,0.012,,,SW,3.2,,
08208010,2025/09/17,09,,,,,,0.031,,,,0.015,,,SW,3.4,,
08208010,2025/09/17,10,,,,,,0.039,,,,0.020,,,WSW,3.3,,
08208010,2025/09/17,11,,,,,,0.048,,,,0.018,,,SSW,2.5,,
08208010,2025/09/17,12,,,,,,0.054,,,,0.016,,,SSW,2.5,,
08208010,2025/09/17,13,,,,,,0.060,,,,0.014,,,SSW,2.6,,
08208010,2025/09/17,14,,,,,,0.067,,,,0.018,,,SSW,3.1,,
08208010,2025/09/17,15,,,,,,0.064,,,,0.025,,,SSW,3.1,,
08208010,2025/09/17,16,,,,,,0.052,,,,0.026,,,SW,3.3,,
08208010,2025/09/17,17,,,,,,0.039,,,,0.024,,,WSW,2.8,,
08208010,2025/09/17,18,,,,,,0.034,,,,0.030,,,SW,1.8,,
08208010,2025/09/17,19,,,,,,0.027,,,,0.034,,,SSW,1.5,,
08208010,2025/09/17,20,,,,,,0.023,,,,0.038,,,SSW,1.1,,
08208010,2025/09/17,21,,,,,,0.023,,,,0.036,,,S,1.0,,
08208010,2025/09/17,22,,,,,,0.020,,,,0.036,,,E,0.7,,
08208010,2025/09/17,23,,,,,,0.019,,,,0.037,,,S,1.4,,
08208010,2025/09/17,24,,,,,,0.017,,,,0.035,,,NE,1.4,,
08208010,2025/09/18,01,,,,,,0.014,,,,0.034,,,NE,1.4,,
08208010,2025/09/18,02,,,,,,0.011,,,,0.034,,,ENE,1.8,,
08208010,2025/09/18,03,,,,,,0.009,,,,0.036,,,NNE,0.9,,
08208010,2025/09/18,04,,,,,,0.009,,,,0.035,,,CALM,0.1,,
08208010,2025/09/18,05,,,,,,0.006,,,,0.034,,,W,1.6,,
08208010,2025/09/18,06,,,,,,0.008,,,,0.036,,,WNW,0.9,,
08208010,2025/09/18,07,,,,,,0.009,,,,0.025,,,SW,1.7,,
08208010,2025/09/18,08,,,,,,0.016,,,,0.029,,,WSW,2.2,,
08208010,2025/09/18,09,,,,,,0.021,,,,0.030,,,W,1.9,,
08208010,2025/09/18,10,,,,,,-,,,,-,,,WSW,3.3,,
08208010,2025/09/18,11,,,,,,0.034,,,,0.024,,,WSW,3.0,,
08208010,2025/09/18,12,,,,,,0.041,,,,0.027,,,SW,4.2,,
08208010,2025/09/18,13,,,,,,0.043,,,,0.030,,,SSW,3.0,,
08208010,2025/09/18,14,,,,,,0.044,,,,0.031,,,SSW,3.1,,
08208010,2025/09/18,15,,,,,,0.042,,,,0.027,,,SW,3.2,,
08208010,2025/09/18,16,,,,,,0.038,,,,0.016,,,NE,4.0,,
08208010,2025/09/18,17,,,,,,0.035,,,,0.005,,,NE,3.5,,
08208010,2025/09/18,18,,,,,,0.033,,,,0.011,,,ENE,5.0,,
08208010,2025/09/18,19,,,,,,0.032,,,,0.014,,,ENE,4.7,,
08208010,2025/09/18,20,,,,,,0.034,,,,0.010,,,ENE,4.1,,
08208010,2025/09/18,21,,,,,,0.034,,,,0.010,,,ENE,4.5,,
08208010,2025/09/18,22,,,,,,0.035,,,,0.007,,,NE,5.5,,
08208010,2025/09/18,23,,,,,,0.035,,,,0.008,,,ENE,5.1,,
08208010,2025/09/18,24,,,,,,0.034,,,,0.009,,,ENE,4.2,,
08208010,2025/09/19,01,,,,,,-,,,,0.008,,,ENE,3.0,,
08208010,2025/09/19,02,,,,,,0.032,,,,0.007,,,NE,5.4,,
08208010,2025/09/19,03,,,,,,0.030,,,,0.006,,,NE,6.3,,
08208010,2025/09/19,04,,,,,,0.036,,,,0.006,,,NE,3.5,,
08208010,2025/09/19,05,,,,,,0.030,,,,0.005,,,NE,2.6,,
08208010,2025/09/19,06,,,,,,0.032,,,,0.006,,,ENE,1.9,,
08208010,2025/09/19,07,,,,,,0.029,,,,0.009,,,NNE,1.3,,
08208010,2025/09/19,08,,,,,,0.027,,,,0.009,,,N,1.1,,
08208010,2025/09/19,09,,,,,,0.021,,,,0.008,,,NNE,1.9,,
08208010,2025/09/19,10,,,,,,0.022,,,,0.008,,,NE,3.0,,
08208010,2025/09/19,11,,,,,,0.027,,,,0.007,,,NE,4.3,,
08208010,2025/09/19,12,,,,,,0.033,,,,0.009,,,ENE,4.3,,
08208010,2025/09/19,13,,,,,,0.034,,,,0.011,,,NE,3.9,,
08208010,2025/09/19,14,,,,,,0.035,,,,0.007,,,ENE,4.7,,
08208010,2025/09/19,15,,,,,,0.036,,,,0.009,,,ENE,4.0,,
08208010,2025/09/19,16,,,,,,0.035,,,,0.012,,,ENE,4.2,,
08208010,2025/09/19,17,,,,,,0.034,,,,0.009,,,ENE,4.1,,
08208010,2025/09/19,18,,,,,,0.031,,,,0.012,,,ENE,2.6,,
08208010,2025/09/19,19,,,,,,0.029,,,,0.013,,,NE,3.0,,
08208010,2025/09/19,20,,,,,,0.028,,,,0.013,,,NE,1.8,,
08208010,2025/09/19,21,,,,,,0.027,,,,0.009,,,NE,2.6,,
08208010,2025/09/19,22,,,,,,0.027,,,,0.011,,,NE,2.0,,
08208010,2025/09/19,23,,,,,,0.027,,,,0.009,,,ENE,2.4,,
08208010,2025/09/19,24,,,,,,0.027,,,,0.010,,,ENE,2.5,,
08208010,2025/09/20,01,,,,,,0.029,,,,0.010,,,NE,1.1,,
08208010,2025/09/20,02,,,,,,0.029,,,,0.009,,,CALM,0.2,,
08208010,2025/09/20,03,,,,,,0.027,,,,0.007,,,NE,2.0,,
08208010,2025/09/20,04,,,,,,0.026,,,,0.009,,,NE,1.8,,
08208010,2025/09/20,05,,,,,,0.025,,,,0.008,,,NE,2.4,,
08208010,2025/09/20,06,,,,,,0.027,,,,0.007,,,NE,2.0,,
08208010,2025/09/20,07,,,,,,0.025,,,,0.007,,,NNE,1.7,,
08208010,2025/09/20,08,,,,,,0.026,,,,0.003,,,NE,2.1,,
08208010,2025/09/20,09,,,,,,0.030,,,,0.010,,,NE,2.1,,
08208010,2025/09/20,10,,,,,,0.032,,,,0.009,,,ENE,1.6,,
08208010,2025/09/20,11,,,,,,0.037,,,,0.011,,,E,2.2,,
08208010,2025/09/20,12,,,,,,0.041,,,,0.011,,,ESE,2.1,,
08208010,2025/09/20,13,,,,,,0.040,,,,0.018,,,E,2.5,,
08208010,2025/09/20,14,,,,,,0.038,,,,0.020,,,NE,2.2,,
08208010,2025/09/20,15,,,,,,0.038,,,,0.029,,,SE,1.3,,
08208010,2025/09/20,16,,,,,,0.035,,,,0.017,,,W,2.5,,
08208010,2025/09/20,17,,,,,,0.031,,,,0.010,,,W,1.1,,
08208010,2025/09/20,18,,,,,,0.031,,,,0.008,,,W,0.8,,
08208010,2025/09/20,19,,,,,,0.026,,,,0.015,,,SSE,0.8,,
08208010,2025/09/20,20,,,,,,0.025,,,,0.020,,,SSW,1.7,,
08208010,2025/09/20,21,,,,,,0.024,,,,0.011,,,S,2.2,,
08208010,2025/09/20,22,,,,,,0.022,,,,0.013,,,SSW,2.3,,
08208010,2025/09/20,23,,,,,,0.023,,,,0.017,,,SW,5.6,,
08208010,2025/09/20,24,,,,,,0.023,,,,0.013,,,SW,4.8,,
08208010,2025/09/21,01,,,,,,0.023,,,,0.018,,,SW,4.5,,
08208010,2025/09/21,02,,,,,,0.028,,,,0.024,,,SW,5.6,,
08208010,2025/09/21,03,,,,,,0.027,,,,0.024,,,SW,4.2,,
08208010,2025/09/21,04,,,,,,0.019,,,,0.012,,,W,1.7,,
08208010,2025/09/21,05,,,,,,0.016,,,,0.013,,,NNW,1.5,,
08208010,2025/09/21,06,,,,,,0.016,,,,0.010,,,NNE,0.7,,
08208010,2025/09/21,07,,,,,,0.015,,,,0.008,,,W,1.4,,
08208010,2025/09/21,08,,,,,,0.016,,,,0.008,,,W,1.6,,
08208010,2025/09/21,09,,,,,,0.018,,,,0.008,,,NNW,1.6,,
08208010,2025/09/21,10,,,,,,0.027,,,,0.009,,,NE,1.1,,
08208010,2025/09/21,11,,,,,,0.034,,,,0.013,,,NNE,1.1,,
08208010,2025/09/21,12,,,,,,0.039,,,,0.003,,,NE,1.1,,
08208010,2025/09/21,13,,,,,,0.041,,,,0.001,,,NE,1.3,,
08208010,2025/09/21,14,,,,,,0.038,,,,0.004,,,ENE,3.5,,
08208010,2025/09/21,15,,,,,,0.041,,,,0.009,,,E,5.0,,
08208010,2025/09/21,16,,,,,,0.038,,,,0.006,,,E,4.8,,
08208010,2025/09/21,17,,,,,,0.036,,,,0.008,,,E,1.7,,
08208010,2025/09/21,18,,,,,,0.034,,,,0.009,,,E,2.9,,
08208010,2025/09/21,19,,,,,,0.035,,,,0.009,,,E,2.3,,
08208010,2025/09/21,20,,,,,,0.034,,,,0.012,,,E,3.6,,
08208010,2025/09/21,21,,,,,,0.032,,,,0.001,,,NE,5.1,,
08208010,2025/09/21,22,,,,,,0.033,,,,0.003,,,NE,2.7,,
08208010,2025/09/21,23,,,,,,0.030,,,,0.010,,,NNE,1.5,,
08208010,2025/09/21,24,,,,,,0.032,,,,0.005,,,NNW,1.1,,
08208010,2025/09/22,01,,,,,,0.032,,,,0.005,,,WNW,0.8,,
08208010,2025/09/22,02,,,,,,0.030,,,,0.006,,,W,0.6,,
08208010,2025/09/22,03,,,,,,0.026,,,,0.006,,,N,0.6,,
08208010,2025/09/22,04,,,,,,0.024,,,,0.008,,,NNE,2.0,,
08208010,2025/09/22,05,,,,,,0.022,,,,0.004,,,NNE,1.3,,
08208010,2025/09/22,06,,,,,,0.019,,,,0.008,,,NNE,1.5,,
08208010,2025/09/22,07,,,,,,0.022,,,,0.008,,,NNE,1.6,,
08208010,2025/09/22,08,,,,,,0.026,,,,0.008,,,NE,3.8,,
08208010,2025/09/22,09,,,,,,0.031,,,,0.006,,,NE,3.8,,
08208010,2025/09/22,10,,,,,,0.034,,,,0.006,,,NE,4.5,,
08208010,2025/09/22,11,,,,,,0.036,,,,0.007,,,ENE,5.5,,
08208010,2025/09/22,12,,,,,,0.037,,,,0.008,,,ENE,4.4,,
08208010,2025/09/22,13,,,,,,0.037,,,,0.007,,,ENE,5.6,,
08208010,2025/09/22,14,,,,,,0.037,,,,0.010,,,ENE,5.8,,
08208010,2025/09/22,15,,,,,,0.037,,,,0.009,,,ENE,5.8,,
08208010,2025/09/22,16,,,,,,0.037,,,,0.008,,,ENE,5.1,,
08208010,2025/09/22,17,,,,,,0.036,,,,0.009,,,ENE,4.0,,
08208010,2025/09/22,18,,,,,,0.034,,,,0.007,,,ENE,2.9,,
08208010,2025/09/22,19,,,,,,0.031,,,,0.008,,,ENE,2.0,,
08208010,2025/09/22,20,,,,,,0.030,,,,0.008,,,NE,2.0,,
08208010,2025/09/22,21,,,,,,0.031,,,,0.006,,,NE,1.5,,
08208010,2025/09/22,22,,,,,,0.031,,,,0.004,,,NE,3.1,,
08208010,2025/09/22,23,,,,,,0.029,,,,0.007,,,NNW,0.5,,
08208010,2025/09/22,24,,,,,,0.027,,,,0.009,,,NNE,2.1,,
08208010,2025/09/23,01,,,,,,0.025,,,,0.008,,,WNW,1.1,,
08208010,2025/09/23,02,,,,,,0.025,,,,0.008,,,WNW,1.3,,
08208010,2025/09/23,03,,,,,,0.025,,,,0.008,,,NNW,1.2,,
08208010,2025/09/23,04,,,,,,0.023,,,,0.007,,,NNW,1.0,,
08208010,2025/09/23,05,,,,,,0.023,,,,0.010,,,NNE,1.0,,
08208010,2025/09/23,06,,,,,,0.020,,,,0.008,,,NNE,1.0,,
08208010,2025/09/23,07,,,,,,0.020,,,,0.007,,,NNE,1.6,,
08208010,2025/09/23,08,,,,,,0.026,,,,0.011,,,NNE,3.1,,
08208010,2025/09/23,09,,,,,,0.033,,,,0.005,,,NE,4.0,,
08208010,2025/09/23,10,,,,,,0.037,,,,0.009,,,ENE,3.3,,
08208010,2025/09/23,11,,,,,,0.039,,,,0.006,,,NE,3.3,,
08208010,2025/09/23,12,,,,,,0.039,,,,0.006,,,ENE,3.5,,
08208010,2025/09/23,13,,,,,,0.041,,,,0.007,,,NE,3.9,,
08208010,2025/09/23,14,,,,,,0.039,,,,0.007,,,ENE,3.9,,
08208010,2025/09/23,15,,,,,,0.040,,,,0.006,,,ENE,3.7,,
08208010,2025/09/23,16,,,,,,0.039,,,,0.009,,,ENE,3.7,,
08208010,2025/09/23,17,,,,,,0.037,,,,0.008,,,ENE,3.7,,
08208010,2025/09/23,18,,,,,,0.034,,,,0.006,,,NE,2.8,,
08208010,2025/09/23,19,,,,,,0.032,,,,0.009,,,NE,2.4,,
08208010,2025/09/23,20,,,,,,0.031,,,,0.009,,,NE,1.9,,
08208010,2025/09/23,21,,,,,,0.027,,,,0.008,,,NNE,1.6,,
08208010,2025/09/23,22,,,,,,0.026,,,,0.009,,,NNE,2.0,,
08208010,2025/09/23,23,,,,,,0.025,,,,0.008,,,NNE,2.7,,
08208010,2025/09/23,24,,,,,,0.026,,,,0.008,,,NNE,2.5,,
08208010,2025/09/24,01,,,,,,0.025,,,,0.008,,,NNE,1.9,,
08208010,2025/09/24,02,,,,,,0.025,,,,0.009,,,NNE,1.3,,
08208010,2025/09/24,03,,,,,,0.025,,,,0.008,,,WSW,0.5,,
08208010,2025/09/24,04,,,,,,0.020,,,,0.008,,,W,1.5,,
08208010,2025/09/24,05,,,,,,0.010,,,,0.007,,,W,1.0,,
08208010,2025/09/24,06,,,,,,0.006,,,,0.009,,,CALM,0.3,,
08208010,2025/09/24,07,,,,,,0.014,,,,0.011,,,NE,1.9,,
08208010,2025/09/24,08,,,,,,0.025,,,,0.009,,,NE,3.8,,
08208010,2025/09/24,09,,,,,,0.029,,,,0.006,,,ENE,3.0,,
08208010,2025/09/24,10,,,,,,0.035,,,,0.005,,,ENE,3.8,,
08208010,2025/09/24,11,,,,,,0.038,,,,0.007,,,ENE,3.8,,
08208010,2025/09/24,12,,,,,,0.039,,,,0.008,,,ENE,3.3,,
08208010,2025/09/24,13,,,,,,0.038,,,,0.005,,,ENE,4.1,,
08208010,2025/09/24,14,,,,,,0.037,,,,0.009,,,ENE,3.9,,
08208010,2025/09/24,15,,,,,,0.038,,,,0.006,,,NE,3.7,,
08208010,2025/09/24,16,,,,,,0.037,,,,0.005,,,ENE,3.4,,
08208010,2025/09/24,17,,,,,,0.036,,,,0.008,,,ENE,3.9,,
08208010,2025/09/24,18,,,,,,0.031,,,,0.009,,,ENE,2.7,,
08208010,2025/09/24,19,,,,,,0.028,,,,0.008,,,ENE,2.3,,
08208010,2025/09/24,20,,,,,,0.026,,,,0.010,,,NE,1.8,,
08208010,2025/09/24,21,,,,,,0.025,,,,0.009,,,NNE,1.5,,
08208010,2025/09/24,22,,,,,,0.023,,,,0.009,,,NNE,1.6,,
08208010,2025/09/24,23,,,,,,0.022,,,,0.008,,,NE,1.3,,
08208010,2025/09/24,24,,,,,,0.020,,,,0.012,,,NNE,1.5,,
08208010,2025/09/25,01,,,,,,0.017,,,,0.010,,,W,0.8,,
08208010,2025/09/25,02,,,,,,0.017,,,,0.010,,,CALM,0.3,,
08208010,2025/09/25,03,,,,,,0.014,,,,0.010,,,W,1.0,,
08208010,2025/09/25,04,,,,,,0.010,,,,0.009,,,CALM,0,,
08208010,2025/09/25,05,,,,,,0.008,,,,0.009,,,CALM,0.2,,
08208010,2025/09/25,06,,,,,,0.004,,,,0.007,,,CALM,0.2,,
08208010,2025/09/25,07,,,,,,0.008,,,,0.012,,,CALM,0.4,,
08208010,2025/09/25,08,,,,,,0.022,,,,0.014,,,SSW,1.0,,
08208010,2025/09/25,09,,,,,,0.031,,,,0.009,,,WSW,2.5,,
08208010,2025/09/25,10,,,,,,0.036,,,,0.009,,,SSW,3.5,,
08208010,2025/09/25,11,,,,,,0.046,,,,0.007,,,SW,5.0,,
08208010,2025/09/25,12,,,,,,0.049,,,,0.010,,,SW,5.7,,
08208010,2025/09/25,13,,,,,,0.050,,,,0.013,,,SW,4.6,,
08208010,2025/09/25,14,,,,,,0.050,,,,0.011,,,WSW,5.0,,
08208010,2025/09/25,15,,,,,,0.050,,,,0.012,,,WSW,3.8,,
08208010,2025/09/25,16,,,,,,0.047,,,,0.011,,,SW,3.4,,
08208010,2025/09/25,17,,,,,,0.042,,,,0.012,,,SW,2.8,,
08208010,2025/09/25,18,,,,,,0.036,,,,0.017,,,SW,1.4,,
08208010,2025/09/25,19,,,,,,0.034,,,,0.016,,,SW,2.3,,
08208010,2025/09/25,20,,,,,,0.029,,,,0.015,,,SW,1.7,,
08208010,2025/09/25,21,,,,,,0.028,,,,0.010,,,SW,1.2,,
08208010,2025/09/25,22,,,,,,0.026,,,,0.011,,,S,1.1,,
08208010,2025/09/25,23,,,,,,0.023,,,,0.012,,,NNE,0.9,,
08208010,2025/09/25,24,,,,,,0.017,,,,0.010,,,CALM,0.2,,
08208010,2025/09/26,01,,,,,,-,,,,0.010,,,ENE,0.5,,
08208010,2025/09/26,02,,,,,,0.016,,,,0.011,,,CALM,0.3,,
08208010,2025/09/26,03,,,,,,0.017,,,,0.012,,,S,0.5,,
08208010,2025/09/26,04,,,,,,0.012,,,,0.014,,,ENE,0.5,,
08208010,2025/09/26,05,,,,,,0.010,,,,0.012,,,ENE,0.7,,
08208010,2025/09/26,06,,,,,,0.008,,,,0.014,,,WSW,1.0,,
08208010,2025/09/26,07,,,,,,0.007,,,,0.014,,,NE,0.5,,
08208010,2025/09/26,08,,,,,,0.014,,,,0.019,,,NE,1.6,,
08208010,2025/09/26,09,,,,,,0.028,,,,0.018,,,NE,2.5,,
08208010,2025/09/26,10,,,,,,0.046,,,,0.019,,,ENE,1.5,,
08208010,2025/09/26,11,,,,,,0.057,,,,0.017,,,E,3.1,,
08208010,2025/09/26,12,,,,,,0.058,,,,0.019,,,ENE,3.3,,
08208010,2025/09/26,13,,,,,,0.065,,,,0.019,,,ENE,3.6,,
08208010,2025/09/26,14,,,,,,0.069,,,,0.020,,,E,3.1,,
08208010,2025/09/26,15,,,,,,0.072,,,,0.017,,,E,3.3,,
08208010,2025/09/26,16,,,,,,0.061,,,,0.016,,,E,4.0,,
08208010,2025/09/26,17,,,,,,0.050,,,,0.013,,,E,3.4,,
08208010,2025/09/26,18,,,,,,0.048,,,,0.033,,,E,2.8,,
08208010,2025/09/26,19,,,,,,0.047,,,,0.032,,,ENE,1.9,,
08208010,2025/09/26,20,,,,,,0.050,,,,0.031,,,ENE,1.8,,
08208010,2025/09/26,21,,,,,,0.050,,,,0.027,,,ENE,2.1,,
08208010,2025/09/26,22,,,,,,0.034,,,,0.015,,,NE,1.9,,
08208010,2025/09/26,23,,,,,,0.029,,,,0.014,,,NE,1.9,,
08208010,2025/09/26,24,,,,,,0.028,,,,0.024,,,NE,2.0,,
08208010,2025/09/27,01,,,,,,0.027,,,,0.024,,,NE,2.7,,
08208010,2025/09/27,02,,,,,,0.028,,,,0.012,,,NE,2.5,,
08208010,2025/09/27,03,,,,,,0.028,,,,0.008,,,NNE,1.8,,
08208010,2025/09/27,04,,,,,,0.026,,,,0.011,,,NE,2.6,,
08208010,2025/09/27,05,,,,,,0.024,,,,0.011,,,NNE,1.2,,
08208010,2025/09/27,06,,,,,,0.019,,,,0.012,,,NNE,1.8,,
08208010,2025/09/27,07,,,,,,0.019,,,,0.010,,,NE,2.5,,
08208010,2025/09/27,08,,,,,,0.025,,,,0.013,,,ENE,2.5,,
08208010,2025/09/27,09,,,,,,0.037,,,,0.007,,,ENE,3.3,,
08208010,2025/09/27,10,,,,,,0.042,,,,0.009,,,E,3.8,,
08208010,2025/09/27,11,,,,,,0.043,,,,0.010,,,ESE,2.5,,
08208010,2025/09/27,12,,,,,,0.045,,,,0.008,,,ESE,3.0,,
08208010,2025/09/27,13,,,,,,0.046,,,,0.011,,,ESE,3.4,,
08208010,2025/09/27,14,,,,,,0.048,,,,0.013,,,SE,2.8,,
08208010,2025/09/27,15,,,,,,0.055,,,,0.012,,,ESE,2.2,,
08208010,2025/09/27,16,,,,,,0.059,,,,0.010,,,ESE,2.7,,
08208010,2025/09/27,17,,,,,,0.053,,,,0.014,,,ESE,3.1,,
08208010,2025/09/27,18,,,,,,0.042,,,,0.013,,,SSE,1.5,,
08208010,2025/09/27,19,,,,,,0.034,,,,0.014,,,ENE,1.7,,
08208010,2025/09/27,20,,,,,,0.032,,,,0.016,,,ENE,1.9,,
08208010,2025/09/27,21,,,,,,0.034,,,,0.015,,,ENE,1.6,,
08208010,2025/09/27,22,,,,,,0.033,,,,0.012,,,NE,1.4,,
08208010,2025/09/27,23,,,,,,0.028,,,,0.011,,,ENE,1.1,,
08208010,2025/09/27,24,,,,,,0.026,,,,0.010,,,ENE,1.6,,
08208010,2025/09/28,01,,,,,,0.025,,,,0.013,,,ENE,1.4,,
08208010,2025/09/28,02,,,,,,0.028,,,,0.011,,,NE,1.6,,
08208010,2025/09/28,03,,,,,,0.026,,,,0.011,,,NE,1.1,,
08208010,2025/09/28,04,,,,,,0.023,,,,0.016,,,NE,2.0,,
08208010,2025/09/28,05,,,,,,0.021,,,,0.014,,,NE,2.4,,
08208010,2025/09/28,06,,,,,,0.019,,,,0.014,,,NE,1.5,,
08208010,2025/09/28,07,,,,,,0.019,,,,0.012,,,NE,1.6,,
08208010,2025/09/28,08,,,,,,0.023,,,,0.014,,,NE,0.8,,
08208010,2025/09/28,09,,,,,,0.028,,,,0.011,,,ESE,0.7,,
08208010,2025/09/28,10,,,,,,0.036,,,,0.012,,,SW,1.6,,
08208010,2025/09/28,11,,,,,,0.043,,,,0.013,,,S,3.2,,
08208010,2025/09/28,12,,,,,,0.045,,,,0.012,,,SSE,3.0,,
08208010,2025/09/28,13,,,,,,0.045,,,,0.013,,,S,3.2,,
08208010,2025/09/28,14,,,,,,0.044,,,,0.011,,,S,3.7,,
08208010,2025/09/28,15,,,,,,0.043,,,,0.011,,,SSE,3.8,,
08208010,2025/09/28,16,,,,,,0.042,,,,0.011,,,S,3.4,,
08208010,2025/09/28,17,,,,,,0.039,,,,0.013,,,S,3.0,,
08208010,2025/09/28,18,,,,,,0.036,,,,0.014,,,S,2.2,,
08208010,2025/09/28,19,,,,,,0.034,,,,0.015,,,S,1.5,,
08208010,2025/09/28,20,,,,,,0.032,,,,0.013,,,SSE,1.5,,
08208010,2025/09/28,21,,,,,,0.031,,,,0.015,,,S,1.0,,
08208010,2025/09/28,22,,,,,,0.029,,,,0.013,,,SSE,1.2,,
08208010,2025/09/28,23,,,,,,0.026,,,,0.014,,,NNE,1.0,,
08208010,2025/09/28,24,,,,,,0.024,,,,0.013,,,SE,1.5,,
08208010,2025/09/29,01,,,,,,0.024,,,,0.017,,,SSW,1.0,,
08208010,2025/09/29,02,,,,,,0.025,,,,0.008,,,S,1.3,,
08208010,2025/09/29,03,,,,,,0.025,,,,0.009,,,SSW,1.9,,
08208010,2025/09/29,04,,,,,,0.026,,,,0.027,,,SW,5.4,,
08208010,2025/09/29,05,,,,,,0.029,,,,0.020,,,SW,4.9,,
08208010,2025/09/29,06,,,,,,0.028,,,,0.020,,,SW,5.4,,
08208010,2025/09/29,07,,,,,,0.028,,,,0.022,,,SW,5.9,,
08208010,2025/09/29,08,,,,,,0.027,,,,0.021,,,SW,5.7,,
08208010,2025/09/29,09,,,,,,0.025,,,,0.012,,,W,2.7,,
08208010,2025/09/29,10,,,,,,0.030,,,,0.011,,,W,2.8,,
08208010,2025/09/29,11,,,,,,0.039,,,,0.010,,,WSW,4.5,,
08208010,2025/09/29,12,,,,,,0.045,,,,0.010,,,SW,3.9,,
08208010,2025/09/29,13,,,,,,0.050,,,,0.012,,,SW,3.6,,
08208010,2025/09/29,14,,,,,,0.050,,,,0.012,,,SW,2.9,,
08208010,2025/09/29,15,,,,,,0.047,,,,0.015,,,SW,2.4,,
08208010,2025/09/29,16,,,,,,0.041,,,,0.016,,,SSW,2.0,,
08208010,2025/09/29,17,,,,,,0.039,,,,0.013,,,SSW,0.8,,
08208010,2025/09/29,18,,,,,,0.032,,,,0.020,,,NE,1.4,,
08208010,2025/09/29,19,,,,,,0.036,,,,0.015,,,ENE,5.4,,
08208010,2025/09/29,20,,,,,,0.041,,,,0.010,,,ESE,2.5,,
08208010,2025/09/29,21,,,,,,0.041,,,,0.010,,,NE,2.9,,
08208010,2025/09/29,22,,,,,,0.029,,,,0.012,,,E,1.9,,
08208010,2025/09/29,23,,,,,,0.029,,,,0.005,,,ENE,2.0,,
08208010,2025/09/29,24,,,,,,0.032,,,,0.012,,,ENE,2.0,,
08208010,2025/09/30,01,,,,,,0.032,,,,0.012,,,ENE,0.6,,
08208010,2025/09/30,02,,,,,,0.030,,,,0.011,,,ESE,0.5,,
08208010,2025/09/30,03,,,,,,0.028,,,,0.010,,,ENE,1.5,,
08208010,2025/09/30,04,,,,,,0.030,,,,0.002,,,NE,2.6,,
08208010,2025/09/30,05,,,,,,0.031,,,,0.005,,,NE,2.3,,
08208010,2025/09/30,06,,,,,,0.033,,,,0.006,,,NE,2.9,,
08208010,2025/09/30,07,,,,,,0.030,,,,0.007,,,NNE,1.8,,
08208010,2025/09/30,08,,,,,,0.034,,,,0.007,,,NE,2.6,,
08208010,2025/09/30,09,,,,,,0.037,,,,0.007,,,ENE,4.3,,
08208010,2025/09/30,10,,,,,,0.043,,,,0.009,,,ENE,4.3,,
08208010,2025/09/30,11,,,,,,0.047,,,,0.009,,,ENE,4.5,,
08208010,2025/09/30,12,,,,,,0.048,,,,0.009,,,ENE,3.4,,
08208010,2025/09/30,13,,,,,,0.047,,,,0.010,,,E,3.6,,
08208010,2025/09/30,14,,,,,,0.045,,,,0.006,,,E,3.3,,
08208010,2025/09/30,15,,,,,,0.046,,,,0.014,,,E,4.2,,
08208010,2025/09/30,16,,,,,,0.044,,,,0.017,,,E,4.2,,
08208010,2025/09/30,17,,,,,,0.041,,,,0.015,,,ENE,3.6,,
08208010,2025/09/30,18,,,,,,0.038,,,,0.013,,,ENE,3.0,,
08208010,2025/09/30,19,,,,,,0.035,,,,0.013,,,NE,1.8,,
08208010,2025/09/30,20,,,,,,0.033,,,,0.011,,,NE,2.1,,
08208010,2025/09/30,21,,,,,,0.032,,,,0.013,,,NE,1.9,,
08208010,2025/09/30,22,,,,,,0.032,,,,0.015,,,NE,2.0,,
08208010,2025/09/30,23,,,,,,0.029,,,,0.013,,,NE,2.0,,
08208010,2025/09/30,24,,,,,,0.025,,,,0.013,,,NE,1.5,,
